1,5000,2,100,120,100
2,5000,2,3,70,170
3,2000,2,100,120,100
4,5000,2,20,80,150
5,4000,2,3,70,170
6,2000,2,3,70,170
7,3000,2,3,70,170
8,4000,2,100,120,100
9,5000,0,10,120,120
10,5000,0,10,120,120
11,2000,2,20,80,150
12,5000,2,20,80,150
13,5000,2,20,80,150
14,3000,2,20,80,150
15,5000,2,3,70,170
16,2000,2,20,80,150
17,3000,2,20,80,150
18,5000,2,100,120,100
19,5000,2,20,80,150
20,5000,2,3,70,170
21,4000,0,10,120,120
22,2000,2,3,70,170
23,5000,0,10,120,120
24,5000,2,20,80,150
25,4000,2,20,80,150
26,5000,2,20,80,150
27,4000,2,100,120,100
28,3000,2,100,120,100
29,4000,0,10,120,120
30,2000,2,100,120,100
31,4000,2,3,70,170
32,2000,2,100,120,100
33,3000,2,100,120,100
34,2000,2,3,70,170
35,2000,2,100,120,100
36,5000,0,10,120,120
37,4000,0,10,120,120
38,3000,2,20,80,150
39,5000,2,3,70,170
40,2000,2,3,70,170
41,3000,0,10,120,120
42,3000,2,20,80,150
43,5000,2,20,80,150
44,5000,0,10,120,120
45,2000,2,3,70,170
46,3000,0,10,120,120
47,3000,0,10,120,120
48,4000,2,100,120,100
49,4000,2,20,80,150
50,5000,2,100,120,100
51,3000,2,100,120,100
52,4000,2,3,70,170
53,4000,2,3,70,170
54,2000,2,20,80,150
55,2000,0,10,120,120
56,3000,2,20,80,150
57,5000,2,3,70,170
58,3000,2,100,120,100
59,4000,2,100,120,100
60,2000,2,100,120,100
61,5000,2,100,120,100
62,3000,2,20,80,150
63,4000,2,3,70,170
64,4000,2,100,120,100
65,5000,2,100,120,100
66,5000,2,20,80,150
67,4000,0,10,120,120
68,2000,0,10,120,120
69,2000,2,20,80,150
70,3000,2,100,120,100
71,5000,2,20,80,150
72,3000,0,10,120,120
73,5000,2,3,70,170
74,2000,2,20,80,150
75,5000,2,20,80,150
76,3000,0,10,120,120
77,2000,2,100,120,100
78,3000,2,20,80,150
79,4000,0,10,120,120
80,3000,2,3,70,170
81,3000,2,3,70,170
82,5000,2,100,120,100
83,4000,0,10,120,120
84,4000,2,3,70,170
85,5000,0,10,120,120
86,3000,2,20,80,150
87,5000,0,10,120,120
88,5000,2,100,120,100
89,3000,0,10,120,120
90,4000,0,10,120,120
91,2000,2,3,70,170
92,2000,2,3,70,170
93,4000,2,100,120,100
94,5000,2,20,80,150
95,5000,2,20,80,150
96,2000,0,10,120,120
97,4000,0,10,120,120
98,3000,2,20,80,150
99,2000,2,3,70,170
100,3000,2,100,120,100
101,2000,0,10,120,120
102,5000,2,100,120,100
103,3000,0,10,120,120
104,4000,2,100,120,100
105,2000,0,10,120,120
106,4000,2,3,70,170
107,3000,0,10,120,120
108,4000,2,100,120,100
109,4000,2,3,70,170
110,4000,0,10,120,120
111,3000,0,10,120,120
112,2000,2,20,80,150
113,2000,2,3,70,170
114,5000,2,100,120,100
115,2000,2,3,70,170
116,5000,2,100,120,100
117,4000,2,3,70,170
118,5000,2,20,80,150
119,2000,2,3,70,170
120,3000,2,3,70,170
