1,5000,0,10,120,120
2,5000,0,10,120,120
3,2000,0,10,120,120
4,5000,0,10,120,120
5,4000,0,10,120,120
6,2000,0,10,120,120
7,3000,0,10,120,120
8,4000,0,10,120,120
9,5000,0,10,120,120
10,5000,0,10,120,120
11,2000,0,10,120,120
12,5000,0,10,120,120
13,5000,0,10,120,120
14,3000,0,10,120,120
15,5000,0,10,120,120
16,2000,0,10,120,120
17,3000,0,10,120,120
18,5000,0,10,120,120
19,5000,0,10,120,120
20,5000,0,10,120,120
21,4000,0,10,120,120
22,2000,0,10,120,120
23,5000,0,10,120,120
24,5000,0,10,120,120
25,4000,0,10,120,120
26,5000,0,10,120,120
27,4000,0,10,120,120
28,3000,0,10,120,120
29,4000,0,10,120,120
30,2000,0,10,120,120
31,4000,0,10,120,120
32,2000,0,10,120,120
33,3000,0,10,120,120
34,2000,0,10,120,120
35,2000,0,10,120,120
36,5000,0,10,120,120
37,4000,0,10,120,120
38,3000,0,10,120,120
39,5000,0,10,120,120
40,2000,0,10,120,120
41,3000,0,10,120,120
42,3000,0,10,120,120
43,5000,0,10,120,120
44,5000,0,10,120,120
45,2000,0,10,120,120
46,3000,0,10,120,120
47,3000,0,10,120,120
48,4000,0,10,120,120
49,4000,0,10,120,120
50,5000,0,10,120,120
